0.06814461920486642, 0.10609454202523239
0.09894942764816356, 0.04634938325849802
0.12032129657067676, 0.10323677658347563
0.14371502345998294, 0.10234372488292465
0.18762696500319356, 0.15887389752768044
0.2322418257587784, 0.21567198568260082
0.29786368210360303, 0.27229146349740674
0.3958951552386822, 0.386602081167684
0.5262552040154482, 0.55878244903354
0.5960212630327343, 0.6160270630387323
0.7250228923407229, 0.8465237069504461
0.8662007443861665, 0.9613701556410525
1.0349967089680996, 1.1340863545272377
1.3279350529746465, 1.364315082928787
1.8299503941335367, 1.7677958412368433
2.1876309840206227, 2.1719910409053433
2.523304805755453, 2.4606253505227933
2.910844106823175, 2.807129410335829
3.419360536719828, 3.3271534155655402
4.0887147218839015, 3.8470881156251906
4.804780003807346, 4.540721371441638
5.448471561392611, 5.176663487402617
6.291476595961222, 5.986125548780272
7.133459226724719, 6.5641979145456695
8.091117916289596, 7.315879530897806
8.854780051968955, 7.952000257198893
9.865442630109408, 8.645901428525502
10.796570450303925, 9.282022154826588
11.606078956963465, 9.860362436102154
12.476283035922581, 10.43870271737772
13.41007890511722, 10.9591732484577
14.675759321873134, 11.595293974758789
15.776122818543465, 12.173634256034353
17.578939000053154, 12.925405177556542
19.24046172273474, 13.619395654053209
21.43652018327078, 14.313296825379817
24.305350319253755, 14.891369191145218
30.166567491883413, 16.22130178360286
35.45407648561213, 16.972804789614884
40.183987109710344, 17.37726790479355
47.22732053846852, 18.12877091080557
53.5477101933258, 18.706843276570968
61.779404750648915, 19.11121708657958
71.27652774628291, 19.515590896588186
80.76556157623291, 19.804314511375694
91.52916124697644, 20.15090787635878
109.40587607894975, 20.4972333258317
135.52122858868452, 20.90124991516009
161.9501406435583, 21.131835864241857
180.21224455428626, 21.247039533612682

